1 313 1
1 276 1
1 560 1
1 456 1
1 18 1
1 202 1
1 96 1
1 99 1
1 383 2
1 163 1
1 634 1
1 422 1
1 136 1
1 511 1
1 637 1
1 395 1
1 442 1
1 660 1
1 669 1
1 188 1
1 76 2
1 213 2
1 599 1
1 193 1
1 186 1
1 205 1
1 414 1
1 287 1
1 682 1
1 579 1
1 685 1
1 659 1
1 683 1
1 401 1
1 199 2
1 211 2
1 280 1
1 152 1
1 651 1
1 210 1
1 34 1
1 56 1
1 160 1
1 581 1
1 274 1
1 175 1
1 613 1
1 453 1
1 536 2
1 577 1
1 174 1
1 85 1
1 197 1
1 59 1
1 7 1
1 86 1
1 78 1
1 587 1
1 584 1
1 261 1
1 586 3
1 314 1
1 22 3
1 641 2
1 686 1
1 273 2
1 179 1
1 184 2
1 157 2
1 170 1
1 252 1
1 249 1
1 551 1
1 543 2
1 62 1
1 151 1
1 464 2
1 23 2
1 600 1
1 570 1
1 503 1
1 370 3
1 441 2
1 688 3
1 345 1
1 88 3
1 674 4
1 590 1
1 574 1
1 535 1
1 378 1
1 420 2
1 580 2
1 177 1
1 681 1
1 514 2
1 300 3
1 561 1
1 391 1
1 149 1
1 388 2
1 241 2
1 393 1
1 418 1
1 17 1
1 532 1
1 19 6
1 308 2
1 417 3
1 400 1
1 294 1
1 494 1
1 291 1
1 115 2
1 253 2
1 167 1
1 501 3
1 47 1
1 360 1
1 610 3
1 9 3
1 65 1
1 139 2
1 518 1
1 225 3
1 304 1
1 159 1
1 512 1
1 519 2
1 407 1
1 542 3
1 10 7
1 53 2
1 50 1
1 472 2
1 612 3
1 517 1
1 338 2
1 319 2
1 131 3
1 526 4
1 147 1
1 128 3
1 123 1
1 44 1
1 284 1
1 481 1
1 489 5
1 257 5
1 635 1
1 64 1
1 244 1
1 150 1
1 198 3
1 403 1
1 649 1
1 29 3
1 240 1
1 54 1
1 347 1
1 189 4
1 330 1
1 516 2
1 527 10
1 368 1
1 231 2
1 122 5
1 46 2
1 87 3
1 24 1
1 117 4
1 578 2
1 171 3
1 371 2
1 219 1
1 620 1
1 95 2
1 84 1
1 140 1
1 272 5
1 77 5
1 521 2
1 2 2
1 335 2
1 541 6
1 364 1
1 279 1
1 105 2
1 598 1
1 183 1
1 259 1
1 282 2
1 130 2
1 493 1
1 389 1
1 233 1
1 206 2
1 591 3
1 616 6
1 246 2
1 507 1
1 462 1
1 203 2
1 101 1
1 617 1
1 461 1
1 470 1
1 618 1
1 680 3
1 540 1
1 363 2
1 129 2
1 63 3
1 6 1
1 359 3
1 430 1
1 520 14
1 83 12
1 232 2
1 547 2
1 305 1
1 550 1
1 622 2
1 42 5
1 565 4
1 440 5
1 344 1
1 506 2
1 531 4
1 138 1
1 458 1
1 221 17
1 60 5
1 563 5
1 534 3
1 566 1
1 549 1
1 178 3
1 182 13
1 658 2
1 488 3
1 296 8
1 454 1
1 607 1
1 176 1
1 443 2
1 36 1
1 475 1
1 557 2
1 337 4
1 235 2
1 544 1
1 473 1
1 398 2
1 28 3
1 533 2
1 666 16
1 349 1
1 433 4
1 192 1
1 564 4
1 106 4
1 20 1
1 465 4
1 538 3
1 114 3
2 75 1
2 385 1
2 5 1
2 392 2
2 353 1
2 484 1
2 234 1
2 196 1
2 113 1
2 21 1
2 632 1
2 390 1
2 427 2
2 479 1
2 386 1
2 269 1
2 258 1
2 168 3
2 215 1
2 204 1
2 286 1
2 569 1
2 571 3
2 292 1
2 111 1
2 169 2
2 476 1
2 141 4
2 452 2
2 226 1
2 1 1
2 495 2
2 132 2
2 410 3
2 98 2
2 552 2
2 434 3
2 409 8
2 663 5
2 41 1
2 263 2
2 79 12
2 456 1
2 669 1
2 199 1
2 59 1
2 78 1
2 314 5
2 252 1
2 600 1
2 88 1
2 300 1
2 532 1
2 225 1
2 159 1
2 519 2
2 407 1
2 526 1
2 128 2
2 64 1
2 403 1
2 46 1
2 620 1
2 140 8
2 521 1
2 541 1
2 520 2
2 547 1
2 440 1
2 531 3
2 221 2
2 473 1
3 460 1
3 230 1
3 275 1
3 611 1
3 446 1
3 256 1
3 614 2
3 352 1
3 575 1
3 348 1
3 165 1
3 555 2
3 419 1
3 73 1
3 51 1
3 373 1
3 71 1
3 497 1
3 396 1
3 25 1
3 207 1
3 173 1
3 656 1
3 486 1
3 201 1
3 135 1
3 585 1
3 124 1
3 665 2
3 583 1
3 406 1
3 154 1
3 8 2
3 190 1
3 525 1
3 358 1
3 324 4
3 455 2
3 573 1
3 650 1
3 664 2
3 357 1
3 49 1
3 603 1
3 200 1
3 268 1
3 343 1
3 248 1
3 405 1
3 354 1
3 267 1
3 504 2
3 463 1
3 425 1
3 209 1
3 380 1
3 424 4
3 216 2
3 331 2
3 689 2
3 647 2
3 262 1
3 239 1
3 615 1
3 471 1
3 194 1
3 185 1
3 322 1
3 166 1
3 341 1
3 436 1
3 336 2
3 477 1
3 127 1
3 554 1
3 328 1
3 444 1
3 307 2
3 638 2
3 57 3
3 89 2
3 110 2
3 229 2
3 242 1
3 119 1
3 423 1
3 320 1
3 32 1
3 545 3
3 478 1
3 288 1
3 180 3
3 451 1
3 104 1
3 271 1
3 366 1
3 582 1
3 270 2
3 112 1
3 402 4
3 236 5
3 644 2
3 508 2
3 457 4
3 55 2
3 323 3
3 309 2
3 12 2
3 384 3
3 251 3
3 250 2
3 675 3
3 546 5
3 604 1
3 118 1
3 445 3
3 295 3
3 227 1
3 524 1
3 643 2
3 181 9
3 592 2
3 385 1
3 392 1
3 484 1
3 113 4
3 569 1
3 571 2
3 410 1
3 98 1
3 552 1
3 434 2
3 409 2
3 663 1
3 263 1
3 456 2
3 202 1
3 96 1
3 163 3
3 634 2
3 422 6
3 395 4
3 213 1
3 193 1
3 414 2
3 280 1
3 152 5
3 651 2
3 210 1
3 175 1
3 577 1
3 174 1
3 86 1
3 22 1
3 273 2
3 184 1
3 252 2
3 543 3
3 62 1
3 151 12
3 464 29
3 23 1
3 600 2
3 345 1
3 88 5
3 574 4
3 177 2
3 514 1
3 300 1
3 388 3
3 241 1
3 393 1
3 418 1
3 17 1
3 532 1
3 19 7
3 308 1
3 417 1
3 494 1
3 291 1
3 253 1
3 610 1
3 518 3
3 225 3
3 512 2
3 519 5
3 542 2
3 472 2
3 612 5
3 517 4
3 338 1
3 131 1
3 526 8
3 147 1
3 44 1
3 257 4
3 244 1
3 54 3
3 368 1
3 122 2
3 46 1
3 84 1
3 2 3
3 279 1
3 598 1
3 282 1
3 130 1
3 389 1
3 507 2
3 462 2
3 617 3
3 461 1
3 470 4
3 618 2
3 129 1
3 520 7
3 232 2
3 440 2
3 531 1
3 221 10
3 60 4
3 296 8
3 176 4
3 443 2
3 36 1
3 473 1
3 533 1
3 349 1
3 433 1
3 20 1
3 114 1
4 222 1
4 220 2
4 539 1
4 568 1
4 487 1
4 69 1
4 459 1
4 321 1
4 567 1
4 283 1
4 377 2
4 492 1
4 485 1
4 374 1
4 432 1
4 326 1
4 191 2
4 45 4
4 413 3
4 91 9
4 348 1
4 497 1
4 665 1
4 324 3
4 650 1
4 248 1
4 262 1
4 615 4
4 127 1
4 384 1
4 675 2
4 118 1
4 295 1
4 113 2
4 569 1
4 571 2
4 111 1
4 169 2
4 495 2
4 552 2
4 434 2
4 313 1
4 276 1
4 422 6
4 669 2
4 76 1
4 85 1
4 586 1
4 314 1
4 273 1
4 252 9
4 570 1
4 503 1
4 388 1
4 418 1
4 9 1
4 159 1
4 542 1
4 612 1
4 489 12
4 635 2
4 244 1
4 516 1
4 117 2
4 371 1
4 620 1
4 364 1
4 279 2
4 246 1
4 507 1
4 363 1
4 520 1
4 221 3
4 296 3
4 666 1
4 433 1
4 465 2
5 608 1
5 593 1
5 529 1
5 657 1
5 646 1
5 498 1
5 365 1
5 290 1
5 375 1
5 38 1
5 153 3
5 449 2
5 670 5
5 92 1
5 260 1
5 31 1
5 346 1
5 429 2
5 52 1
5 11 1
5 522 1
5 93 1
5 133 1
5 13 1
5 677 1
5 26 1
5 431 1
5 238 1
5 408 1
5 404 2
5 333 1
5 303 1
5 245 2
5 172 1
5 667 1
5 161 2
5 474 1
5 116 1
5 82 1
5 81 1
5 468 1
5 289 1
5 254 1
5 61 1
5 14 1
5 297 1
5 562 1
5 68 1
5 37 1
5 212 1
5 652 1
5 16 1
5 310 1
5 311 1
5 435 2
5 619 1
5 43 2
5 676 1
5 94 1
5 466 2
5 642 1
5 39 1
5 639 1
5 602 1
5 356 1
5 121 2
5 158 1
5 397 2
5 595 1
5 120 1
5 350 1
5 306 1
5 509 1
5 143 1
5 482 7
5 594 1
5 108 2
5 576 1
5 316 2
5 278 1
5 631 2
5 558 1
5 362 3
5 412 1
5 438 1
5 629 3
5 312 1
5 367 1
5 317 1
5 302 2
5 648 1
5 624 7
5 342 2
5 369 2
5 265 1
5 156 1
5 467 1
5 277 1
5 187 1
5 450 1
5 217 3
5 301 2
5 223 1
5 655 5
5 74 3
5 155 2
5 630 2
5 137 2
5 627 11
5 469 2
5 625 6
5 126 11
5 162 3
5 523 12
5 69 1
5 567 1
5 283 1
5 492 2
5 374 1
5 460 3
5 611 1
5 614 2
5 352 5
5 575 1
5 348 1
5 555 3
5 51 2
5 497 1
5 207 1
5 486 2
5 124 2
5 190 4
5 650 1
5 664 1
5 343 1
5 216 1
5 194 1
5 436 1
5 307 2
5 57 1
5 423 1
5 545 11
5 288 2
5 271 1
5 270 1
5 402 1
5 236 12
5 323 1
5 604 1
5 445 1
5 524 1
5 75 1
5 484 1
5 204 3
5 286 2
5 569 3
5 169 4
5 132 1
5 98 1
5 552 3
5 18 1
5 96 1
5 383 1
5 422 2
5 395 1
5 669 2
5 188 2
5 213 1
5 579 1
5 659 1
5 401 1
5 274 1
5 577 1
5 86 6
5 587 1
5 586 1
5 314 3
5 179 1
5 157 1
5 551 1
5 151 4
5 464 3
5 688 1
5 388 2
5 19 5
5 400 1
5 167 3
5 610 1
5 304 2
5 123 1
5 489 1
5 244 1
5 240 3
5 527 1
5 46 1
5 87 1
5 371 1
5 95 2
5 364 1
5 282 1
5 130 11
5 493 1
5 591 2
5 616 1
5 462 1
5 101 1
5 617 1
5 680 11
5 363 1
5 63 3
5 520 1
5 440 1
5 344 2
5 221 10
5 534 2
5 549 1
5 178 1
5 296 2
5 666 3
5 433 1
5 106 1
6 596 1
6 678 2
6 537 1
6 247 1
6 145 1
6 293 1
6 148 1
6 559 2
6 588 2
6 30 2
6 266 5
6 668 1
6 243 1
6 553 1
6 661 1
6 645 2
6 448 1
6 399 1
6 58 1
6 480 1
6 428 1
6 415 2
6 224 2
6 621 5
6 529 3
6 498 1
6 31 3
6 161 1
6 14 1
6 594 1
6 278 1
6 312 1
6 187 2
6 539 1
6 321 1
6 614 1
6 352 1
6 348 3
6 165 2
6 373 1
6 656 1
6 135 1
6 124 2
6 154 1
6 8 1
6 358 1
6 324 1
6 357 6
6 200 1
6 405 2
6 267 2
6 689 3
6 471 1
6 194 1
6 328 1
6 110 1
6 242 1
6 545 1
6 180 1
6 104 1
6 366 1
6 508 2
6 55 1
6 604 1
6 181 1
6 113 1
6 427 1
6 258 2
6 571 1
6 111 1
6 169 1
6 226 1
6 132 1
6 552 2
6 663 4
6 263 1
6 422 2
6 511 1
6 213 1
6 577 3
6 78 1
6 22 1
6 641 3
6 252 1
6 543 1
6 62 1
6 464 1
6 570 1
6 503 1
6 370 1
6 88 1
6 681 1
6 532 1
6 19 1
6 291 1
6 9 2
6 139 2
6 519 7
6 50 3
6 472 6
6 612 1
6 526 1
6 44 5
6 64 1
6 240 1
6 516 1
6 368 1
6 122 1
6 171 6
6 140 1
6 521 1
6 282 3
6 130 1
6 389 1
6 591 4
6 616 3
6 618 1
6 359 3
6 520 4
6 83 1
6 221 2
6 563 1
6 443 1
6 557 1
6 433 1
6 564 1
6 106 1
7 228 1
7 332 1
7 437 1
7 490 2
7 255 1
7 572 1
7 214 2
7 640 1
7 109 1
7 496 1
7 672 2
7 530 2
7 33 5
7 382 2
7 224 1
7 642 1
7 121 1
7 312 1
7 648 1
7 568 3
7 485 1
7 432 1
7 275 1
7 446 1
7 650 1
7 664 1
7 268 2
7 380 1
7 331 1
7 647 3
7 166 1
7 477 1
7 554 1
7 57 1
7 89 1
7 110 1
7 457 2
7 604 2
7 445 1
7 409 2
7 663 4
7 41 2
7 96 1
7 99 1
7 136 1
7 587 2
7 273 1
7 252 4
7 62 1
7 151 1
7 464 1
7 503 1
7 574 2
7 115 2
7 225 6
7 526 1
7 257 2
7 516 1
7 521 1
7 105 1
7 617 1
7 458 2
7 60 1
8 299 1
8 4 2
8 3 2
8 103 1
8 416 1
8 687 2
8 164 3
8 102 1
8 142 1
8 15 2
8 684 1
8 515 2
8 636 1
8 100 1
8 601 1
8 125 1
8 421 1
8 662 1
8 500 1
8 146 1
8 673 1
8 679 1
8 195 1
8 144 1
8 318 1
8 626 1
8 334 1
8 35 1
8 628 4
8 510 2
8 48 1
8 67 1
8 325 1
8 340 1
8 483 1
8 351 1
8 633 2
8 411 2
8 315 2
8 499 1
8 107 1
8 609 1
8 605 1
8 387 1
8 70 2
8 264 2
8 80 1
8 502 2
8 208 3
8 339 2
8 447 1
8 134 1
8 597 1
8 379 1
8 237 3
8 361 1
8 285 1
8 439 1
8 40 1
8 329 1
8 426 1
8 66 2
8 513 1
8 72 1
8 218 1
8 556 2
8 90 1
8 671 1
8 589 2
8 327 3
8 606 1
8 548 1
8 505 1
8 653 4
8 97 1
8 623 4
8 27 3
8 654 1
8 491 3
8 376 1
8 228 1
8 437 1
8 490 4
8 33 1
8 596 1
8 247 1
8 145 1
8 668 2
8 661 1
8 448 1
8 399 1
8 415 2
8 153 1
8 429 6
8 245 3
8 161 1
8 82 3
8 81 3
8 212 7
8 652 1
8 16 10
8 310 1
8 311 1
8 43 1
8 39 4
8 121 5
8 350 4
8 482 3
8 594 4
8 631 9
8 558 1
8 362 2
8 412 2
8 438 2
8 629 1
8 312 2
8 367 1
8 302 1
8 624 26
8 342 9
8 369 3
8 187 1
8 301 1
8 223 4
8 655 15
8 74 8
8 627 22
8 625 1
8 126 7
8 162 1
8 523 15
8 485 1
8 256 1
8 614 2
8 352 1
8 348 2
8 555 12
8 419 1
8 497 2
8 207 1
8 173 2
8 585 2
8 665 1
8 583 1
8 406 1
8 324 2
8 650 1
8 200 1
8 343 1
8 354 2
8 463 1
8 647 1
8 166 1
8 436 2
8 638 1
8 229 1
8 242 1
8 423 1
8 545 6
8 451 1
8 271 2
8 323 2
8 12 2
8 604 2
8 118 2
8 445 1
8 227 1
8 524 5
8 643 1
8 592 1
8 5 1
8 234 1
8 632 2
8 386 1
8 204 5
8 569 2
8 169 1
8 226 2
8 663 2
8 456 3
8 96 1
8 383 1
8 422 1
8 136 1
8 395 10
8 660 1
8 188 1
8 213 2
8 287 1
8 152 3
8 175 2
8 577 3
8 86 6
8 586 2
8 686 1
8 179 1
8 252 3
8 151 3
8 580 1
8 514 1
8 149 1
8 388 4
8 393 1
8 308 1
8 291 1
8 167 3
8 225 3
8 304 2
8 526 2
8 257 2
8 198 3
8 240 1
8 54 2
8 527 1
8 24 1
8 272 3
8 130 3
8 389 1
8 101 1
8 129 1
8 520 1
8 344 6
8 221 7
8 566 1
8 296 1
8 454 1
8 176 2
8 443 1
8 557 2
8 666 4
8 538 2
8 114 1
9 381 1
9 355 1
9 281 1
9 394 1
9 298 1
9 372 1
9 528 1
9 605 2
9 572 1
9 109 2
9 247 1
9 559 1
9 645 1
9 11 1
9 317 1
9 567 1
9 348 1
9 73 1
9 665 1
9 406 1
9 324 1
9 573 1
9 341 1
9 89 1
9 320 1
9 545 1
9 112 1
9 644 1
9 323 1
9 234 3
9 196 1
9 113 5
9 390 2
9 479 1
9 168 1
9 215 1
9 571 2
9 292 1
9 141 4
9 226 1
9 1 1
9 495 1
9 409 4
9 663 2
9 79 9
9 414 2
9 577 1
9 314 4
9 641 1
9 252 4
9 574 1
9 519 2
9 612 1
9 635 4
9 140 2
9 520 1
9 622 1
9 221 1
9 235 2
9 544 1
10 381 1
10 355 1
10 281 1
10 394 1
10 298 1
10 372 1
10 528 1
10 299 1
10 4 7
10 3 7
10 103 2
10 416 1
10 687 1
10 164 1
10 102 7
10 142 3
10 15 3
10 684 1
10 515 8
10 636 2
10 100 1
10 601 1
10 125 1
10 421 1
10 662 1
10 500 1
10 146 1
10 673 1
10 679 1
10 195 1
10 144 1
10 318 2
10 626 1
10 334 2
10 35 2
10 628 2
10 510 3
10 48 2
10 67 1
10 325 1
10 340 1
10 483 1
10 351 2
10 633 1
10 411 1
10 315 1
10 499 1
10 107 1
10 609 3
10 605 1
10 387 5
10 70 5
10 264 1
10 80 4
10 502 1
10 208 3
10 339 1
10 447 3
10 134 1
10 597 2
10 379 2
10 237 9
10 361 1
10 285 1
10 439 3
10 40 1
10 329 1
10 426 4
10 66 2
10 513 1
10 72 1
10 218 1
10 556 4
10 90 1
10 671 1
10 589 2
10 327 3
10 606 1
10 548 2
10 505 2
10 653 6
10 97 1
10 623 27
10 27 2
10 654 6
10 491 1
10 376 4
10 228 6
10 332 1
10 490 3
10 255 1
10 214 2
10 640 1
10 109 1
10 496 1
10 672 1
10 530 1
10 33 1
10 382 3
10 596 1
10 678 1
10 537 1
10 247 1
10 145 1
10 293 2
10 148 1
10 588 2
10 30 1
10 266 1
10 668 2
10 243 2
10 553 1
10 661 6
10 448 3
10 58 1
10 480 1
10 428 2
10 621 3
10 608 3
10 593 1
10 529 2
10 657 3
10 646 2
10 498 1
10 365 1
10 290 1
10 375 1
10 38 1
10 153 4
10 449 3
10 670 3
10 92 4
10 260 2
10 31 1
10 346 1
10 429 9
10 52 1
10 11 2
10 522 1
10 93 1
10 133 2
10 13 1
10 677 2
10 26 3
10 431 1
10 238 1
10 408 1
10 404 2
10 333 1
10 303 1
10 245 6
10 172 1
10 667 2
10 161 5
10 474 1
10 116 1
10 82 7
10 81 4
10 468 1
10 289 1
10 254 2
10 61 2
10 14 2
10 297 5
10 562 1
10 68 1
10 37 1
10 212 4
10 652 1
10 16 13
10 310 2
10 311 3
10 435 1
10 619 2
10 43 2
10 676 1
10 94 8
10 466 1
10 642 5
10 39 2
10 639 1
10 602 1
10 356 1
10 121 4
10 158 6
10 397 2
10 595 2
10 120 1
10 350 6
10 306 1
10 509 2
10 143 1
10 482 13
10 594 5
10 108 3
10 576 1
10 316 2
10 278 1
10 631 3
10 558 1
10 362 4
10 412 2
10 438 1
10 629 4
10 312 6
10 317 7
10 302 5
10 624 48
10 342 12
10 369 5
10 265 2
10 156 1
10 467 1
10 277 4
10 187 2
10 450 4
10 217 5
10 301 6
10 223 1
10 655 20
10 74 11
10 155 3
10 630 4
10 137 1
10 627 52
10 469 1
10 625 10
10 126 5
10 162 6
10 523 21
10 222 2
10 220 3
10 487 2
10 69 2
10 459 10
10 283 2
10 377 1
10 492 2
10 485 1
10 374 1
10 326 1
10 191 1
10 45 1
10 413 2
10 91 1
10 460 6
10 230 1
10 611 1
10 256 3
10 614 6
10 352 19
10 575 3
10 555 11
10 51 3
10 71 1
10 497 3
10 396 2
10 25 1
10 207 3
10 173 2
10 486 14
10 201 1
10 135 1
10 585 3
10 665 3
10 190 5
10 525 2
10 324 6
10 455 2
10 573 1
10 650 3
10 664 1
10 49 3
10 603 1
10 200 3
10 343 3
10 354 3
10 504 2
10 425 1
10 209 1
10 424 3
10 647 1
10 239 5
10 194 1
10 185 2
10 322 1
10 166 2
10 436 1
10 336 1
10 477 2
10 554 1
10 444 1
10 307 3
10 57 7
10 242 5
10 119 2
10 423 1
10 32 1
10 545 30
10 478 2
10 288 1
10 451 1
10 271 1
10 582 1
10 402 3
10 236 6
10 508 2
10 323 3
10 309 1
10 12 2
10 251 1
10 250 1
10 675 1
10 546 3
10 604 8
10 118 3
10 445 3
10 295 1
10 227 1
10 524 9
10 75 4
10 5 3
10 353 1
10 484 1
10 234 2
10 21 1
10 632 4
10 390 8
10 427 1
10 479 5
10 269 1
10 204 5
10 286 2
10 569 12
10 292 1
10 111 1
10 476 1
10 452 1
10 226 1
10 495 1
10 132 2
10 98 4
10 552 2
10 663 9
10 560 2
10 456 7
10 18 1
10 202 4
10 96 6
10 99 1
10 383 5
10 163 4
10 422 4
10 136 2
10 637 2
10 395 13
10 442 1
10 660 5
10 669 6
10 188 3
10 76 1
10 213 4
10 599 1
10 186 2
10 205 4
10 414 3
10 287 1
10 682 1
10 579 1
10 685 3
10 659 6
10 683 1
10 401 1
10 211 1
10 152 1
10 210 1
10 34 2
10 56 1
10 160 1
10 581 3
10 175 3
10 613 1
10 453 1
10 536 1
10 577 3
10 197 3
10 59 6
10 7 1
10 86 2
10 587 4
10 584 3
10 261 1
10 586 7
10 314 5
10 22 2
10 641 4
10 686 1
10 179 2
10 157 1
10 170 1
10 252 11
10 249 1
10 551 2
10 543 2
10 151 9
10 23 2
10 600 11
10 441 1
10 688 3
10 88 6
10 674 2
10 590 1
10 535 11
10 378 3
10 420 1
10 580 2
10 514 2
10 300 3
10 561 2
10 391 2
10 149 14
10 388 3
10 393 2
10 17 1
10 19 11
10 308 4
10 417 6
10 400 5
10 294 1
10 291 2
10 253 5
10 167 8
10 501 1
10 47 1
10 360 1
10 65 1
10 139 3
10 225 5
10 304 3
10 519 2
10 10 3
10 53 1
10 612 2
10 517 1
10 338 2
10 319 1
10 526 6
10 123 1
10 284 1
10 481 1
10 489 3
10 257 6
10 244 2
10 150 1
10 198 12
10 403 1
10 649 1
10 29 3
10 240 4
10 54 8
10 347 1
10 189 2
10 330 1
10 516 2
10 527 11
10 368 1
10 231 1
10 46 1
10 87 1
10 117 10
10 578 1
10 371 1
10 219 2
10 95 4
10 272 15
10 77 3
10 521 1
10 2 1
10 335 2
10 364 1
10 598 1
10 183 3
10 259 1
10 282 1
10 130 11
10 493 1
10 389 5
10 233 1
10 206 1
10 591 5
10 616 1
10 507 1
10 462 2
10 203 7
10 101 6
10 617 2
10 680 12
10 540 4
10 363 6
10 129 2
10 63 2
10 6 1
10 359 7
10 430 5
10 520 9
10 232 1
10 547 3
10 305 3
10 550 1
10 42 1
10 565 1
10 440 4
10 344 9
10 506 1
10 531 6
10 138 1
10 458 1
10 221 34
10 534 3
10 566 3
10 549 4
10 178 4
10 182 1
10 658 3
10 488 1
10 296 10
10 454 1
10 607 2
10 176 1
10 443 4
10 36 2
10 475 1
10 557 4
10 337 1
10 235 2
10 473 1
10 398 1
10 28 5
10 533 1
10 666 23
10 433 1
10 192 1
10 106 9
10 465 3
10 538 3
10 114 6
